510.35
354.36
514.19
353.88
516.27
346.32
516.06
402.36
393.52
421.03
369.54
339.14
385.87
489.84
391.29
508.97
495.57
434.5
498.89
484.68
457.6
336.3
391.62
382.6
497.66
399.79
403.76
398.95
382.04
492.05
433.15
444.02
440.99
385.32
392.14
397.19
453.95
341.56
481.83
448.64
339.44
396.15
398.59
439.98
331.86
339.15
506.29
380.24
439.9
418.13
488.13
458.6
366.16
493.23
456.39
462.83
501.91
435.3
333.91
495.75
335.31
399.15
410.42
376.86
497.42
448.14
426.03
489.84
507.25
505.74
417.64
429.75
339.59
513.24
396.24
473.32
350.97
456.16
447.96
381.19
399.8
394.91
395.15
354.23
433.06
500.48
383.54
410.06
376.6
417.29
392.7
422.32
470.81
374.57
439.3
437.8
465.29
408.32
446.71
443.74
852.42
1231.51
876.92
1381.72
1118.12
742.74
1107.11
1219.22
848.01
1098.74
803.82
1225.5
1205.82
1239.73
1250.07
1170.77
878.73
798.67
1046.52
814.82
1345.4
1279.71
893.81
1125.33
822.02
1301.24
817.07
842.75
729.0
859.88
1167.99
961.99
1033.43
908.86
1106.27
791.73
954.44
1165.12
1168.22
937.62
823.83
960.37
1056.69
843.73
1044.71
1155.47
1337.15
1263.45
929.98
1155.91
920.22
1243.35
1001.52
1187.3
1050.21
911.12
1141.35
1014.98
816.45
795.42
1094.63
687.05
1067.78
905.62
1177.02
1168.01
791.72
804.76
1346.08
571.48
759.93
966.52
882.29
977.4
1038.11
1177.57
1252.04
831.96
746.2
814.31
1218.76
1041.62
932.2
1361.6
1067.91
898.8
843.29
933.75
877.75
1187.3
1257.32
1094.34
982.58
714.87
658.87
1068.8
1031.4
707.66
723.5
922.1
1845.71
1519.08
1571.43
1143.75
1315.74
1783.86
1260.69
1075.02
1237.89
1543.44
1382.72
1306.24
1346.08
1219.97
1810.82
1534.31
1606.86
1235.37
1515.41
1416.85
1149.65
1411.56
1927.35
1791.9
1586.97
1220.28
1299.98
1691.68
1185.79
1789.96
832.47
1384.03
1237.09
1622.87
1125.45
1842.06
1223.24
1451.55
1480.65
1348.41
1241.28
1296.86
960.3
1468.32
1594.65
1570.55
1556.47
2007.18
1530.34
1607.96
1379.04
1306.49
1559.8
1537.89
1819.32
1180.7
1305.69
1031.34
1435.27
1283.64
1522.74
1682.49
1666.57
1363.66
1655.05
1719.93
1560.28
1333.77
1441.45
1731.25
1464.5
1611.49
1403.34
1197.55
1021.83
1100.84
1689.14
1336.69
1435.68
1102.12
1701.39
1244.17
1436.79
1818.56
1446.1
1563.35
1888.43
1133.35
1833.16
1231.27
1600.07
1578.83
1689.51
1845.24
1192.03
1349.31
1157.27
2089.04
1544.89
1744.66
1290.6
1042.2
1187.84
982.11
1118.44
867.73
928.5
1239.47
1162.4
1341.22
1066.29
1108.25
1043.09
1084.45
1038.68
929.2
1070.89
816.03
1018.78
969.23
1296.64
891.51
909.22
1167.47
1226.8
1056.55
1194.11
1353.24
980.51
1018.3
712.58
825.35
870.46
1495.05
1153.09
908.46
864.76
788.94
1037.38
1106.86
782.84
895.69
1144.25
1269.12
971.46
1023.59
1177.69
783.6
978.52
1124.05
1422.17
1091.46
869.71
1120.99
812.16
842.3
1169.83
1230.93
781.55
804.97
856.54
1005.45
1500.3
1186.73
747.85
1315.98
1258.01
984.95
833.03
1069.39
1084.6
982.8
1240.31
1117.06
1201.39
1108.77
1177.85
801.45
896.81
1206.65
870.02
1068.48
1172.89
772.77
1184.99
971.57
1490.18
709.51
935.34
1146.1
866.94
1046.65
927.2
1130.9
1457.71
1146.63
1170.91
1006.87
1161.17
1382.89
1165.15
827.29
1065.11
1214.21
910.36
718.2
1061.02
999.02
672.65
1216.79
873.2
1041.69
955.96
999.49
960.29
758.69
1333.24
659.71
1337.12
613.79
1065.58
714.42
870.7
955.53
883.47
923.03
1257.76
873.45
594.81
1322.06
621.21
903.58
1109.84
1056.84
774.84
1415.76
885.02
989.75
883.64
989.31
1072.87
1073.87
776.98
775.27
720.62
1208.29
707.16
917.07
1253.74
794.06
586.57
590.11
648.74
791.16
1058.33
812.07
980.45
1003.62
682.44
766.99
1037.73
1025.19
911.39
869.71
1224.9
726.11
1069.19
1048.5
1090.43
593.78
901.19
922.68
1067.68
961.2
918.28
1128.83
1032.84
1192.89
1126.32
670.45
794.43
873.29
589.12
624.03
1055.06
889.37
1229.94
995.68
865.54
1256.13
686.74
702.61
708.53
985.63
691.51
602.01
1019.72
892.07
1081.64
1036.75
992.92
976.6
821.19
550.72
999.52
546.65
1131.31
777.32
971.2
747.91
916.21
841.18
801.19
663.08
575.35
946.39
936.39
1165.69
936.53
695.35
1116.42
1069.23
1131.03
665.29
741.66
659.85
786.61
803.28
1133.84
636.99
808.52
992.01
827.94
860.18
610.49
805.68
1264.33
622.16
1077.24
775.84
840.33
969.14
864.31
514.51
688.08
655.1
1083.66
1129.11
671.38
1110.43
1127.58
1004.62
1099.6
1215.49
970.34
653.31
886.26
896.53
1082.74
1129.38
973.23
1087.94
1046.27
846.84
1091.49
886.79
785.94
725.18
1020.23
1184.03
756.13
744.82
932.95
1285.43
1083.03
891.47
1191.53
882.93
1180.37
759.43
837.93
1009.77
739.48
755.3
955.76
1149.2
1185.22
1079.86
911.84
1160.08
1245.61
1064.56
1129.57
1276.96
923.38
1162.22
1097.61
1140.74
837.87
999.8
1249.62
871.16
1309.98
1064.6
711.06
1076.99
919.28
726.43
814.55
1160.17
979.81
1125.3
928.98
1254.93
1080.42
950.26
901.27
1035.37
1196.51
815.46
1280.61
624.74
1052.93
661.75
1013.7
1033.76
1209.95
848.77
1277.81
865.07
852.43
857.43
917.69
1195.45
1017.28
836.59
1201.32
1076.4
893.03
1229.42
659.09
1051.91
865.95
1052.52
1094.2
928.09
800.22
1126.49
1127.52
863.33
1520.05
1518.13
1671.47
1508.19
1663.71
1789.75
1591.04
1756.53
1587.65
1731.8
1708.45
1675.92
1614.08
1792.63
1783.36
1700.11
1675.14
1595.05
1621.24
1758.61
1690.49
1586.87
1537.2
1719.63
1578.94
1701.07
1502.99
1672.74
1534.63
1611.99
1739.38
1558.38
1682.47
1745.45
1623.72
1775.33
1527.53
1728.41
1915.73
1526.72
1536.94
1719.2
1708.78
1513.37
1565.67
1814.56
1658.89
1775.98
1748.61
1661.07
1559.27
1706.18
1583.26
1618.77
1758.81
1785.32
1672.66
1593.17
1580.59
1568.58
1702.65
1689.03
1723.83
1674.52
1726.5
1813.14
1712.88
1615.21
1826.85
1534.16
1706.22
1515.57
1640.82
1783.58
1813.92
1696.1
1543.01
1571.74
1722.5
1568.29
1731.85
1476.99
1589.02
1892.05
1524.37
1526.28
1768.06
1503.31
1551.03
1636.02
1555.68
1615.61
1720.74
1606.21
1640.67
1622.45
1790.23
1570.39
1494.3
1701.17
1345.75
1103.39
1026.17
2057.22
1188.03
901.73
1289.74
1366.52
786.05
1379.77
1843.01
1526.52
1673.2
1639.65
1462.27
1848.26
1561.21
1790.41
2045.82
1640.96
1284.76
1845.9
1592.74
1702.54
1429.48
1241.87
1386.45
978.12
1858.76
1447.86
2042.0
1300.77
1643.59
869.13
1347.38
1895.19
817.81
1792.61
1388.57
556.2
1806.91
1580.45
1269.26
775.62
1217.4
1619.06
2182.67
923.06
1829.3
1494.83
1669.98
1183.96
1379.24
1790.75
1614.94
1143.97
1367.5
1799.7
1022.24
2305.4
1351.94
1205.79
661.18
394.11
1254.91
1044.86
1236.3
2058.16
1361.03
976.41
1543.15
1266.83
1171.89
609.01
1340.43
1409.2
1440.16
1553.49
811.89
1345.92
1290.29
1124.37
1174.7
1520.47
665.26
1608.87
1215.37
1475.07
1041.23
2028.34
1758.59
1075.88
1402.76
1265.79
1337.9
1714.95
2041.18
1090.34
832.74
1004.77
1541.63
1810.66
1793.68
2011.78
2005.44
1819.36
1906.44
1633.49
1325.03
1722.37
1477.94
960.38
1155.6
1193.88
1407.2
1317.66
1534.22
1288.4
1312.94
1572.11
1040.88
1456.45
1454.12
1186.77
972.62
1725.11
1209.69
1396.65
1354.62
1720.14
749.18
1188.41
1297.59
872.93
742.33
1158.8
1131.71
999.67
1960.11
1000.57
870.59
1155.82
923.29
1717.47
1122.98
1985.18
1781.57
1098.98
907.76
1497.44
1486.91
1396.2
1727.68
1733.7
1333.72
740.33
1328.47
821.78
1311.69
1608.18
2039.44
900.52
694.77
1237.94
1580.49
1247.38
970.63
1390.41
1386.6
1730.24
1751.63
2265.94
1032.93
1863.32
1156.46
1242.49
1582.91
2290.46
1760.04
1798.14
1113.46
2121.15
1690.77
1625.84
1795.02
1308.98
697.52
821.76
942.34
1487.04
1958.72
1659.4
1273.76
1182.51
1105.68
1312.37
1601.12
1735.93
1071.6
1565.21
1380.43
1173.16
2054.85
1265.44
1036.56
1728.94
1339.5
1626.45
1295.83
1958.9
1337.96
1514.96
1950.39
1421.85
1960.08
1861.92
1909.2
1967.38
1596.64
1171.33
918.62
1977.65
1728.68
1795.05
1097.62
1510.6
1118.89
691.2
1220.69
1629.39
1111.24
1229.52
1361.23
1659.83
1986.14
1341.43
1648.49
1851.92
2014.28
1705.94
1271.09
1406.65
1711.39
1203.59
1922.12
1607.0
1029.0
1602.5
1959.53
1968.54
794.99
829.94
1917.75
1792.34
1533.44
2221.45
1337.71
2267.49
1377.13
2089.59
1333.08
1847.42
906.84
1450.43
1634.54
1599.21
1060.82
1391.8
1164.5
1728.59
1550.91
1021.95
1229.26
1962.39
882.02
1386.05
1821.58
2036.2
1700.68
1116.68
844.25
1089.69
825.92
1257.47
1416.67
956.05
1574.67
1083.14
1225.04
1485.02
1493.85
870.86
2054.9
1340.23
1054.45
1328.03
750.55
1464.83
1112.88
1556.07
924.79
1526.33
953.15
2314.24
1399.72
1464.16
1694.75
1733.37
1060.72
1935.46
1901.92
1204.06
1177.42
1492.48
1657.2
1016.69
1549.95
1506.0
1908.06
1353.58
1159.21
1505.11
971.4
1292.19
1225.76
1450.8
1257.6
1475.79
1606.29
1093.92
1643.41
1360.34
1497.26
1413.18
1263.88
698.25
1192.33
1778.54
1851.26
1025.08
1999.71
1095.72
1222.96
1477.79
1417.93
1465.12
640.55
1133.39
1947.21
1573.96
1125.51
1108.4
1714.55
1195.41
1657.52
1970.2
1464.07
1201.8
1031.34
1924.06
1619.65
1534.0
1810.48
1594.76
1216.0
1469.89
1605.65
910.76
1944.24
1427.58
1249.8
1322.02
2195.32
895.1
1613.89
1284.61
2023.94
1630.6
1430.84
1394.76
1199.56
2023.33
1506.32
1126.75
907.34
1209.81
1136.41
1239.21
1644.52
1704.35
1305.66
1113.49
1292.18
989.24
1293.21
1224.77
1541.31
1846.45
1814.4
1020.24
1406.45
1447.78
503.46
2087.52
1379.35
1384.73
1663.69
1515.94
1713.8
978.23
785.12
1271.38
864.72
1823.98
1662.54
1671.84
636.15
1365.26
1433.87
1354.1
1584.21
1388.87
1338.68
1870.3
1197.02
1467.24
1437.95
1391.4
1995.6
1977.18
793.22
1828.7
752.07
1492.96
1774.73
1589.34
873.78
1263.7
1324.99
1147.61
1867.99
1055.01
1424.3
1497.82
1878.73
2010.77
1889.84
1562.27
1338.51
1216.15
1466.89
1211.46
1467.43
1325.26
825.57
986.37
1481.66
1064.29
2018.79
1166.03
1724.52
660.63
1623.65
1584.12
1972.82
1879.34
657.63
1038.35
1771.03
768.25
1210.72
1562.03
1251.41
1747.65
1254.06
2015.88
1209.53
1423.88
902.8
1449.08
1206.7
1230.33
1384.85
1450.4
1462.18
668.07
1163.4
840.45
1432.02
1471.65
819.1
1399.2
794.12
1042.48
1193.48
1745.55
1662.28
2005.96
1780.41
1306.24
1811.94
1826.48
1129.86
1278.49
843.82
1102.84
1583.83
1245.15
1836.27
1780.75
1573.93
785.07
1479.14
1306.9
1654.27
1494.36
1844.51
1284.82
1457.02
874.02
1425.07
1188.36
1145.03
1466.69
1225.88
1836.85
1754.68
1053.55
1194.3
1517.04
873.0
1813.94
1202.26
1012.63
1548.97
1275.2
1764.86
1194.51
609.77
1264.66
1149.31
2022.46
1666.61
1741.04
1157.97
1574.51
1677.34
1492.57
1200.87
1243.9
1742.99
1376.72
1735.14
1253.69
1744.18
2211.04
2265.21
1788.08
1181.86
861.38
1167.45
1172.93
1245.47
1143.73
1939.98
1397.46
937.16
1303.99
1565.48
1241.2
1261.12
1057.86
1241.01
1295.13
886.63
1318.76
1101.67
1254.47
1254.89
1101.37
1510.11
1201.38
1349.77
1371.93
1136.46
1410.81
1828.14
831.35
1427.98
981.21
736.73
1090.35
1040.76
1317.37
1036.37
1873.9
1361.78
1465.28
1023.22
1764.18
1208.5
1489.29
1114.34
1502.91
2319.49
1771.98
1407.36
1326.83
766.27
1604.35
1316.89
1478.76
1125.31
1805.69
1576.1
1525.65
1269.73
1279.51
1078.31
1851.62
2089.43
2167.13
1220.19
1367.67
1616.45
1395.12
1402.12
855.87
1933.85
1098.25
1585.87
1372.43
1151.23
1653.86
1492.35
1308.09
1812.63
1394.27
1768.99
847.39
1329.29
1925.92
1498.25
1504.47
2026.29
1381.0
1288.0
1850.61
1286.41
1448.21
1244.87
1500.79
1452.03
1734.76
1016.99
837.03
1592.01
1176.92
1389.65
555.13
1249.75
997.98
980.29
1710.42
1060.42
1605.95
1742.49
2021.46
1207.84
1833.1
1536.96
1190.84
1399.84
1681.13
1161.07
1650.22
1659.01
1421.01
773.2
1426.82
1449.76
1165.85
1265.98
1752.82
1372.7
1092.36
1499.71
1214.17
1540.07
1660.91
937.6
1866.19
1257.53
2000.67
1003.03
1620.14
1366.07
2269.82
1243.23
1192.69
1775.89
1600.74
1186.16
852.38
1289.35
2001.4
1277.49
1902.44
1180.68
618.03
1718.75
1102.93
1123.12
1322.42
1869.68
1154.88
1359.79
1566.4
1305.64
875.28
1390.82
1208.61
1322.17
1569.93
1183.34
1062.87
1294.82
1299.28
1574.84
1625.23
2101.93
1335.59
1103.15
1081.37
1400.58
1671.7
1441.65
1394.5
1438.63
788.41
1681.27
1148.46
961.37
1318.06
1769.32
1833.0
1789.71
1321.79
1497.45
938.61
1377.01
1859.62
927.09
1795.01
1356.1
1573.73
747.56
728.18
1370.71
1210.61
2122.43
1117.68
2242.34
1362.51
1141.92
1738.27
1147.34
1094.99
2170.87
1499.07
778.65
1187.19
847.85
1076.95
985.44
1300.79
1477.76
1218.68
1507.61
779.7
869.22
723.38
1517.91
1125.92
1703.29
1182.73
2084.42
1729.43
477.04
1512.09
1009.26
852.46
1293.84
1411.67
1103.72
1752.81
2038.01
1641.95
897.73
603.95
1208.96
1329.06
1459.84
1292.52
872.9
1775.18
529.33
655.28
1866.9
1482.51
785.69
746.29
1047.12
1303.56
1300.62
1327.56
1843.75
641.89
1287.21
918.55
1344.54
1425.69
1687.84
1436.21
1709.17
1748.8
1245.93
1810.71
1252.16
1727.56
1096.73
1312.23
1553.31
959.32
1689.26
1727.42
1335.56
1500.65
1534.8
1891.27
1258.53
1235.79
1104.47
1157.13
1128.51
1614.73
1469.26
1302.99
1529.87
2132.71
1984.01
2086.42
606.56
1244.45
1185.33
2116.82
1270.7
1093.41
1505.39
1035.33
1781.64
1953.62
1749.87
1651.67
1578.16
1128.55
2264.59
1625.91
652.08
1117.62
1063.55
1284.98
1415.05
1225.15
1252.08
1516.7
1286.58
1663.07
1564.92
869.95
1207.12
1450.06
978.16
1316.83
1611.18
1141.24
748.96
901.12
1178.35
1201.41
1431.6
1171.93
1847.81
1538.65
808.07
1664.85
1312.83
1388.28
1164.53
1093.98
1665.97
1414.53
1827.03
2045.83
1898.46
1376.86
1173.96
1341.9
1640.97
1116.18
1539.06
1618.92
914.41
1531.08
1687.7
1776.95
1551.8
1190.72
1200.21
1184.83
983.16
1716.66
814.93
485.17
1100.23
709.77
1326.26
1124.19
1077.83
930.84
1007.48
1447.31
1293.71
776.91
1408.39
1464.83
1028.77
1666.69
1846.55
1344.3
1682.8
570.39
1138.22
1440.98
1007.08
1194.78
1098.51
893.51
1931.95
1495.69
1227.72
852.96
1876.16
1113.95
1753.42
1198.08
1164.87
1275.24
1472.5
808.91
1196.19
676.73
1437.04
1527.06
2070.48
749.75
1969.06
878.5
1232.2
1175.42
1258.19
1932.57
1410.83
1211.23
1842.42
1073.56
800.26
1169.42
1720.43
1686.95
1241.31
1646.33
2200.63
1642.9
957.88
1223.58
1643.49
940.72
1399.37
1219.39
1401.82
1500.79
1348.56
1522.05
1640.78
1404.24
1879.09
1757.07
1810.64
1210.92
964.04
1242.8
2047.75
838.06
1638.85
1094.19
1096.49
1455.43
1454.93
1772.38
1255.12
1274.9
1386.01
1208.12
1924.23
1313.14
2123.5
684.2
1337.75
1325.05
1444.76
1383.94
1539.59
1748.74
1270.66
1142.14
1257.12
1672.9
1560.59
641.66
1693.75
867.97
850.17
1728.42
1164.47
1401.94
838.54
1890.19
1605.42
1967.04
1901.1
1245.4
1510.23
1540.08
1938.5
1577.69
1191.27
965.85
1000.78
1289.99
955.05
1637.22
1543.7
1271.5
1885.47
1694.41
1580.7
1520.52
1148.37
2012.33
1726.79
2048.36
732.17
1159.52
880.12
1384.88
1832.35
1766.36
1625.16
1721.27
1523.66
1271.99
1384.0
1519.72
1605.24
1810.87
1127.17
1093.19
877.45
1720.21
1438.43
1496.69
845.06
1214.37
1041.31
964.88
1003.71
1191.27
602.75
1199.71
1188.17
1387.08
1025.67
835.74
840.5
1785.24
842.03
806.69
1653.67
1628.61
1456.97
1588.19
1464.59
1732.92
1276.61
1370.96
1329.97
1137.08
1752.92
1602.44
1182.4
880.16
1209.96
1236.8
1306.78
706.76
1559.4
1632.82
1509.14
1294.54
1377.93
1116.73
1829.06
1911.68
1170.82
1255.46
1972.92
933.91
1111.72
1184.25
1505.85
1019.72
1102.73
1853.26
1561.82
1826.08
1605.29
1637.35
1899.37
1453.1
1973.92
1482.87
1715.15
1434.82
1138.65
1813.17
1443.24
1365.31
1394.05
1432.39
1613.49
1255.23
1187.75
852.61
1725.79
1845.06
945.87
924.82
1188.76
1394.24
1361.55
766.94
808.51
1615.94
1673.65
1593.25
1279.66
2234.69
1913.31
1847.16
1309.92
1341.93
1107.81
1011.88
1195.33
1919.2
838.2
1389.82
847.22
1482.12
1813.19
1343.37
1578.79
1145.58
1428.37
1801.14
744.58
1182.08
1269.74
1561.09
1626.35
1307.76
942.78
1304.87
1478.11
388.88
826.7
1626.08
1478.11
1044.09
1266.95
1728.01
815.08
818.98
1503.48
1756.92
1558.7
1658.68
2261.32
1235.14
1531.93
1390.38
1893.73
1704.19
1423.25
1378.56
1945.26
821.96
1524.22
1039.34
1512.35
1463.11
975.89
1386.79
1549.48
1382.57
962.6
1316.94
1914.67
1378.51
1069.62
1192.23
1261.3
1401.38
1798.71
1657.22
718.31
446.61
910.21
1432.11
1794.43
1805.32
1409.75
1247.04
2102.17
2016.93
1792.35
867.28
1799.92
1551.3
1341.4
1965.45
1856.2
1072.12
1906.38
1231.92
1114.48
1217.87
1046.09
1420.06
1582.59
1684.82
1097.56
1517.84
557.69
1771.76
1310.38
1408.14
664.45
924.47
1776.47
1738.14
1928.1
1131.79
2052.05
1204.5
939.31
1637.61
1424.46
1044.63
831.72
1022.22
1669.48
1775.22
1168.25
672.17
1225.48
877.95
1047.79
1990.85
1256.12
1407.48
1155.93
1433.04
1504.61
1629.23
1014.69
1068.97
1950.03
1652.4
611.85
2216.53
1587.67
1740.69
2051.64
918.44
1112.66
741.31
1561.65
1839.17
952.72
1237.6
1956.67
704.28
968.59
922.74
1536.93
1545.23
1724.45
1077.86
1315.74
1236.79
1332.9
1878.36
909.4
1728.62
1163.42
1567.04
804.92
1513.1
1625.88
1693.27
1800.9
988.45
1519.4
1141.77
1866.68
1522.58
1309.6
1778.44
858.83
944.95
1110.9
1025.31
1140.29
1275.77
1706.7
1120.51
1324.71
1231.82
1392.28
1320.05
1505.07
1696.67
1279.12
1771.21
1659.21
1801.29
1324.38
1175.06
1307.55
1929.69
1629.09
1015.21
1268.62
1688.49
1602.75
1416.29
1429.11
1669.5
1322.85
1357.51
1399.69
1880.17
1024.84
1305.56
1038.63
1879.55
1644.92
641.17
1453.0
2138.84
2166.7
1171.91
1188.85
862.3
1083.1
1996.79
1307.93
1496.5
1155.74
853.91
1198.32
1684.09
1116.42
1656.1
1267.24
566.13
1035.75
1646.23
1892.94
1431.2
1436.83
1996.41
1104.81
1361.83
1545.85
1614.7
1271.48
1669.28
1173.79
1706.5
1220.52
1496.91
1340.03
1226.21
972.63
821.98
1494.22
963.17
1675.29
999.85
1107.42
1455.25
1486.0
1166.76
1147.66
1958.05
893.44
2166.32
1096.6
888.05
1501.14
1107.62
1587.52
2073.28
1147.38
2081.71
1915.22
1702.44
929.94
643.99
1013.59
1278.24
1565.85
890.17
1790.53
1965.55
1131.2
1729.31
846.84
720.09
1443.65
890.86
401.51
1017.26
1543.19
1669.94
1826.07
2046.0
1540.17
1687.3
1724.8
1401.5
1389.16
1787.91
1062.75
1154.87
1514.76
2009.57
1377.61
1840.51
1098.21
1617.45
1370.55
1205.23
1229.05
937.61
2255.89
996.31
1515.48
2128.66
883.67
1695.88
392.9
2141.34
1029.41
1871.12
1586.68
916.29
1732.83
2087.22
1398.97
1403.19
797.59
1473.44
1591.11
1281.71
1105.93
2122.37
932.1
1643.58
1431.08
1277.43
458.46
1897.72
636.68
514.66
1446.13
1074.9
1813.16
1423.69
1583.93
1964.25
1401.35
1274.28
1731.16
1145.02
1038.98
1695.96
949.82
1444.29
1056.52
1272.26
1497.05
1771.57
1645.9
858.84
1374.92
1233.89
1753.43
1015.96
849.04
1178.76
1178.63
1235.2
1125.93
1572.97
1323.84
1628.01
1028.29
1671.96
857.69
1857.27
1760.63
1641.97
1017.16
1273.36
966.54
1914.89
1388.46
864.12
1727.1
992.01
1030.75
737.29
1019.68
585.04
1824.86
2069.34
1466.77
1491.35
1245.59
762.77
1410.06
1713.96
1197.56
659.98
1394.08
1502.99
646.92
1143.27
880.81
1015.02
1098.4
1703.1
1061.73
725.8
1038.42
2213.73
1211.42
1732.33
2118.04
1150.93
1363.55
2142.54
1191.1
1037.8
1154.72
1653.26
1303.07
1738.85
1061.58
1689.24
1632.23
1480.23
983.51
2043.99
1602.81
1361.73
1825.46
1285.58
1148.57
1689.93
1414.5
1144.66
1501.41
1865.08
1286.67
697.98
1251.16
1000.58
1006.15
472.49
1318.08
2009.65
1600.78
1279.63
1310.23
1684.98
1728.62
1412.55
1054.86
1356.67
772.99
1965.95
1592.96
1195.99
1593.63
1166.96
1782.08
1820.39
1565.43
854.72
1031.36
1679.35
2187.25
1238.85
1086.47
1335.55
1113.99
1185.77
2177.06
1515.52
1822.32
1535.74
1038.04
1836.46
1193.83
1654.94
1171.28
1588.2
1007.75
1146.69
1377.39
1576.32
1477.3
1346.04
1541.5
1267.36
948.8
1032.09
1823.92
1929.27
1441.65
1296.94
1277.05
1349.03
904.46
1692.37
872.01
1764.0
951.6
1418.14
818.91
1520.61
948.15
759.35
506.78
1931.41
1750.2
805.88
1195.8
1943.73
1921.65
1274.63
2059.19
1338.72
1738.94
1427.59
1373.93
1926.97
1173.21
765.82
1825.51
1471.5
1444.18
1530.39
2074.94
1555.91
1418.97
1796.53
1331.96
1243.65
1345.45
1162.96
1328.47
1316.49
2217.05
1596.78
1300.41
1627.04
1775.24
1258.69
2207.88
1148.0
1313.53
1289.9
1360.66
1848.69
727.81
1348.1
1140.92
2309.22
1762.49
1104.42
1744.05
1790.47
1808.35
1532.7
1072.34
1043.61
1634.63
643.56
2311.16
2008.66
2219.7
1757.14
1582.23
1500.27
1435.38
2065.8
505.04
1709.85
1248.89
1056.75
2083.26
1515.07
1209.94
1619.37
1721.83
1396.47
1191.4
1484.36
1525.02
1573.81
939.99
1432.8
1122.22
1169.44
775.23
827.48
752.14
1426.41
715.64
1231.38
942.74
1589.24
1732.63
1764.94
1733.89
1928.06
1416.77
1239.15
1602.08
2054.82
951.2
752.86
1243.08
1509.69
1874.34
1572.45
1809.57
839.37
701.99
1866.45
958.77
1919.53
1038.11
2221.12
1274.35
1628.9
1275.6
1231.23
1234.76
1535.57
2177.13
1238.02
1769.33
1149.99
1333.47
1435.64
1543.92
2153.79
1524.05
1599.67
1001.97
1943.69
1059.17
859.18
1319.72
1181.72
1377.13
1047.54
1210.88
1403.26
1888.51
1483.44
1533.15
1274.08
1246.96
1265.34
647.97
1455.7
1399.16
2235.2
2014.87
756.01
853.45
1411.06
2091.89
895.13
1968.23
849.48
1233.39
1260.27
892.44
1934.73
1465.63
924.6
1671.85
1637.34
1377.1
1065.49
866.38
1560.56
1639.62
2147.04
1603.75
1579.13
1661.98
1166.23
1888.07
1910.63
1482.68
1832.23
586.03
1841.47
1296.45
1921.46
702.25
802.46
1987.85
1792.34
1460.15
1028.04
1247.01
2089.05
1881.0
1351.71
1472.6
1716.36
1158.16
1658.95
1533.53
1395.66
1203.26
1113.01
898.11
1574.56
1904.48
1440.06
1755.3
1951.29
2230.9
1400.76
1461.57
992.72
1114.35
1406.09
828.59
1411.72
1254.1
1844.82
939.99
1653.82
1467.95
1752.95
1538.51
1239.1
1771.56
636.09
834.71
835.96
1176.03
969.36
1896.06
1562.77
1825.37
1297.78
1342.62
1202.98
569.83
1016.47
1832.04
1485.54
1625.43
906.62
967.03
1420.61
1103.49
1387.36
1169.64
924.86
1382.91
1345.4
1801.56
974.83
1011.57
626.53
871.39
1634.37
1444.57
1688.37
1301.31
1792.42
1429.32
1768.74
2173.01
1232.85
1728.35
1606.8
1691.15
1053.16
1246.81
1764.58
493.8
1978.1
1875.34
1192.81
1390.51
1131.99
1588.18
1122.4
1386.75
1514.86
1348.06
928.9
1738.69
1553.84
1818.38
807.45
1282.4
1746.24
760.65
1581.46
1701.41
1143.48
1181.09
1710.47
1586.22
1043.37
1866.31
1206.68
973.66
1082.43
1867.33
1083.87
1132.52
2141.75
1354.34
1120.17
1922.59
1735.41
1270.02
907.58
1471.5
1051.98
945.95
1393.99
1186.93
629.16
1660.4
637.61
1531.54
1274.21
1496.09
1675.77
1615.35
1369.07
1251.4
639.23
977.45
1416.97
1897.86
1217.57
1510.3
1666.84
1715.02
1228.64
1358.86
1260.56
1574.88
599.95
1942.79
1192.18
997.85
868.15
883.0
2097.22
1196.3
1217.52
1817.68
2080.19
1172.85
1817.43
1552.64
1054.81
1592.36
1381.63
1740.4
1605.06
1628.58
1833.42
1440.77
1475.43
1046.2
1093.95
1837.73
1717.99
1544.36
1029.39
1767.97
1208.79
1411.99
1590.59
1340.17
1512.56
1109.67
1241.51
1223.14
2271.05
1160.93
1863.91
1510.02
1491.72
1852.99
1165.43
1212.48
1364.8
1529.72
1578.3
962.58
1100.66
1432.03
1209.99
1890.16
1461.35
1087.65
945.15
991.61
1155.54
2198.47
1245.79
1002.24
2113.06
1535.1
1691.67
2258.12
1707.34
1738.11
1532.1
1389.59
1047.83
752.95
1482.45
1854.38
1685.09
1444.62
1953.91
1513.15
1886.33
1301.21
1183.69
1076.19
1671.48
1572.95
1541.39
1193.31
1678.77
1481.97
1051.64
2252.74
1251.3
2043.74
1881.55
1067.4
901.97
1398.2
1867.68
1590.79
1514.54
977.99
1891.93
1714.25
1767.04
1558.77
1546.6
2103.66
650.7
767.14
1408.81
1059.54
1481.08
1306.35
2058.84
915.24
1251.73
1432.26
1060.24
1699.98
1566.11
1293.45
1077.75
1513.12
1613.72
1259.71
1130.66
2016.51
1376.35
1466.64
1174.96
1292.06
1591.55
1416.48
1249.33
618.75
914.32
1332.07
992.46
1415.98
1616.56
1367.51
1950.77
1887.97
1925.46
1520.11
1800.17
1367.38
1744.22
1468.07
1695.56
2058.78
2275.89
1534.95
1954.77
1411.98
1728.66
1946.87
1288.7
1004.85
1820.33
1577.62
1548.78
1018.77
1428.33
2086.94
1568.36
1907.62
1421.18
1928.74
967.53
1485.08
765.67
1101.02
1699.76
885.44
1202.19
1801.14
1876.11
1972.75
1509.48
1278.38
1090.46
1303.44
2363.92
1756.53
1410.07
1864.42
1315.91
1130.62
1491.8
1259.91
1341.47
1281.99
1488.17
2028.94
1915.16
1767.98
1508.81
962.69
2159.41
1126.88
1735.52
1216.71
1659.94
938.49
1065.84
1142.99
1367.95
1181.83
1816.33
921.22
1479.52
1860.23
1488.18
2092.25
1771.76
609.79
1190.32
930.31
1375.86
1805.73
973.41
1869.9
1696.87
941.41
1312.19
2193.36
2104.72
1411.32
1432.08
635.54
927.89
1181.84
1367.33
1383.52
1413.05
1635.72
1367.44
1277.34
1695.99
790.85
1426.63
1784.07
1890.77
1742.24
1908.56
1446.09
1060.29
956.46
1512.54
923.0
1308.41
1349.96
1883.41
963.72
1760.01
1822.38
985.18
1821.09
974.53
1263.51
1532.77
1263.76
1940.12
1772.18
1797.86
1214.39
1476.87
1208.57
1149.5
1428.92
1275.63
1823.47
1599.38
1138.53
928.95
1440.57
1017.11
1801.7
1060.28
1062.95
1510.24
1186.29
919.07
1061.19
1497.69
1033.93
806.0
828.94
585.03
1218.38
2031.37
846.11
1736.6
1696.49
1526.16
1680.27
1698.4
1728.24
965.99
1377.07
1860.89
1312.0
1724.13
1175.01
1507.82
1622.29
1162.54
1147.34
1168.87
1791.36
1405.02
1547.71
1258.36
1960.44
818.01
880.31
1128.47
1675.8
1138.19
1135.83
1091.75
1029.36
1337.02
903.5
988.22
533.79
1412.67
1170.17
968.37
1940.73
1073.01
1757.49
1168.65
1809.14
1863.58
1549.83
1073.91
1766.63
1546.19
1892.52
915.87
1221.62
976.64
1676.33
854.7
1291.58
1472.89
1572.92
1925.67
1215.05
1129.3
1672.1
1575.18
2376.49
1677.15
1382.63
1895.98
1426.96
897.89
1781.3
1114.86
2069.31
859.11
506.77
946.53
1077.45
1482.25
2043.11
1004.63
1187.33
1521.66
1002.31
1384.3
1611.54
1495.49
1563.85
2312.4
896.18
1443.17
847.3
2129.27
1251.93
1340.11
954.53
1744.93
1207.86
1159.58
2149.89
1427.64
1280.48
1729.41
1550.52
1449.36
2128.66
1450.95
1256.97
1512.96
1301.35
1392.63
1308.02
1543.73
1173.81
1462.6
1391.94
1687.48
1766.09
1978.79
1917.57
787.54
1307.99
1462.58
1240.77
774.93
965.6
1033.73
1849.02
1238.97
1429.41
2090.51
947.55
1422.75
1785.05
1608.32
751.74
888.46
1813.04
1777.16
738.11
937.71
2007.05
1835.97
1540.39
1814.55
1236.57
790.2
1796.25
1343.97
1281.79
1870.02
1244.67
2065.66
980.03
1923.12
1538.7
1709.27
1790.9
1011.46
1446.24
1060.09
1782.26
1919.84
1284.13
1476.14
1422.95
1477.96
867.04
789.51
1171.09
1532.56
2066.51
1126.14
1833.52
1384.74
1343.81
1427.15
1382.96
1131.69
1039.55
1852.03
2167.91
1141.32
991.21
1179.92
1326.15
2141.94
868.97
1943.0
1382.94
1905.54
1173.18
1800.13
938.65
1399.87
1269.12
1214.97
1432.32
885.0
969.22
1798.67
1145.21
2038.0
1329.96
1581.36
1501.44
1145.38
1467.95
1239.96
2030.38
1546.94
1379.42
1223.78
1010.58
1972.96
1749.07
1391.63
829.85
1173.18
2036.06
1331.1
1750.82
2059.18
994.81
1249.71
1869.72
1446.63
1184.62
1804.44
852.47
1679.36
1491.94
1560.7
1342.47
852.95
1045.77
1558.33
795.8
1666.28
1486.19
1235.83
1618.44
1138.16
2286.74
1788.82
1529.79
1558.57
557.62
1111.76
1206.46
1538.72
1593.01
668.18
928.0
1256.08
1497.25
1906.24
1305.43
1945.9
1862.39
1148.06
1569.99
1806.8
1393.86
1316.91
1206.02
1141.45
2251.14
1482.17
1328.09
1421.12
1583.01
1332.93
968.14
1355.43
1821.88
1070.93
1207.99
1417.72
1601.0
1366.75
1007.27
887.47
1719.62
1843.95
1448.64
1230.69
2158.81
1469.12
1884.23
869.65
1374.56
887.1
1151.31
1321.62
1052.24
972.41
1274.45
802.92
1751.62
1159.96
1206.85
1663.24
1142.21
1566.15
1360.68
1169.78
1372.89
1577.65
1486.46
1424.94
1041.27
847.65
1169.24
655.84
2131.28
1519.9
1124.01
1440.52
548.85
1262.36
1298.6
1104.42
1301.11
1889.31
1130.16
1238.67
1305.6
1984.05
1615.99
1453.56
1500.72
1101.4
2093.03
1606.9
1433.74
1540.43
1498.57
836.52
1396.93
1287.37
1120.15
2280.75
1651.04
1867.34
1379.55
1491.6
957.34
996.47
1852.67
1437.94
1439.44
678.47
1166.05
1592.01
1073.85
1596.23
1511.19
1695.78
458.36
1563.67
2226.49
1847.34
1051.83
1271.91
1472.56
1765.68
1945.67
1855.92
1325.27
1363.49
868.37
1358.51
1196.88
970.09
1439.7
438.07
1648.6
932.01
999.31
1753.26
1166.74
1725.42
1325.82
1730.89
1876.77
957.41
1785.64
1313.18
1870.46
815.09
754.51
1599.93
1873.87
1598.73
769.96
1920.51
1850.54
999.6
1198.39
890.99
1547.16
2041.37
1597.44
1955.84
1862.24
1508.97
717.39
1031.82
1599.09
2107.62
1534.31
1879.19
878.54
1585.42
1115.77
2180.82
1240.44
1182.38
1822.25
1822.7
880.34
1628.19
1551.56
1524.98
1487.21
1116.71
1181.53
1176.73
1941.2
871.68
1169.37
2015.81
1708.21
785.19
1376.0
1277.08
1546.12
1567.34
2162.76
1384.01
836.09
1539.7
1539.66
1779.76
1100.16
1152.3
1168.83
1205.62
1194.94
1363.87
1962.07
1483.07
968.36
1643.11
1416.49
1111.29
1292.69
2158.28
1753.28
1427.12
1492.06
1401.94
1865.55
1547.29
1914.23
1967.89
1336.08
1630.96
1389.61
1130.85
1708.57
1915.03
2107.61
1355.52
1673.89
1607.75
737.28
1495.18
930.57
1454.41
1754.22
1648.88
1284.65
737.19
1222.75
1461.66
1545.84
1440.98
1985.02
1998.74
1123.35
1729.29
723.74
1277.76
1126.41
1303.18
1265.59
998.55
1689.15
1540.88
1270.27
742.94
1335.32
1172.83
1232.51
1766.96
1928.24
1257.49
1729.77
1551.37
1326.53
1256.03
1157.25
1310.98
1170.91
1775.64
822.23
1089.11
1590.44
805.1
1708.8
1262.14
1359.28
1215.09
1872.91
1466.07
2171.5
2059.91
977.38
1709.33
1075.29
812.25
1398.64
1007.36
1975.09
2094.82
1586.64
1106.61
1730.48
563.03
1942.76
1106.19
1406.13
1613.41
1178.21
1086.83
1902.07
1042.73
1426.39
1565.6
868.33
1589.47
889.2
792.99
1536.41
1429.77
1239.84
1828.7
1356.33
1119.88
1910.81
1437.73
1559.75
1579.61
1094.24
1326.79
841.88
1591.1
1918.04
851.29
820.83
1064.16
1689.93
2243.43
1180.34
1842.42
1441.71
1273.14
1950.64
986.08
1919.76
1038.94
1270.16
1269.59
1040.99
1612.61
1118.43
1223.33
2040.08
1432.65
1203.57
1684.89
1888.6
1514.92
1415.19
1198.52
984.94
1129.6
1532.56
1247.24
1862.63
1423.05
1245.86
1177.44
843.28
1970.77
1429.54
1030.55
1420.97
2220.23
2156.41
931.57
1528.9
1487.44
860.35
592.16
1498.23
1201.42
1105.74
1186.64
932.7
1801.06
1705.42
1249.46
1959.38
1488.58
1143.97
1000.44
1379.25
1072.95
1207.58
1549.68
996.48
1027.72
814.9
1294.94
1970.41
1980.5
1628.46
2090.36
1101.68
1667.92
1381.95
965.23
1164.06
1661.9
935.1
1723.03
1395.29
1875.02
1283.04
1223.7
1177.07
1720.1
1048.12
998.21
1338.15
1318.95
1039.12
1123.26
1161.69
1391.51
1482.4
1382.73
1292.4
2078.91
1390.71
1736.94
497.66
562.75
1594.48
1556.01
1016.85
1807.96
965.45
1335.17
826.47
1540.22
1182.81
2089.68
922.32
1492.83
1347.27
773.3
1976.44
1132.52
708.94
1275.07
1649.64
1691.32
1126.46
1751.38
1201.97
706.52
1938.53
1989.6
1430.12
1613.13
1225.14
2040.9
1100.98
1742.76
1145.98
1163.12
1091.54
1261.88
1346.18
1418.62
1152.98
1254.43
741.17
837.22
1418.77
1229.43
1634.87
1786.69
1528.61
968.78
1283.04
1175.53
1039.14
1365.4
845.71
1264.33
1572.55
1325.53
1330.06
1751.75
821.6
1048.45
1829.56
1309.34
1618.07
977.28
954.58
1963.9
1300.52
1518.75
1624.38
1678.27
1117.92
459.59
2132.21
1475.0
1579.85
1228.07
1441.78
1330.42
1949.92
1584.81
2036.73
1574.02
1592.27
931.12
1807.9
1587.94
1244.6
1561.67
2124.19
1660.61
1336.94
1760.63
1840.98
871.32
1672.15
1128.31
955.58
903.75
1575.83
1907.57
1118.12
678.28
1499.18
819.21
1737.3
1538.86
1207.8
1305.39
1596.3
1384.36
1121.49
2050.34
1416.79
1214.97
1088.05
1394.75
1621.04
1260.43
911.26
1121.46
1062.51
1990.88
1101.5
1387.84
1226.9
2100.74
1543.22
1321.17
1977.88
1232.88
1949.24
1422.15
1280.58
1483.87
1840.47
1267.83
818.9
1587.13
1190.51
868.48
1995.57
1147.62
1799.97
1124.9
1565.85
1054.5
2109.01
1541.73
2158.46
1524.57
1540.38
1572.26
825.2
1310.07
830.65
1414.6
1181.49
1282.06
902.18
1644.5
1666.68
1465.43
1226.14
1081.39
1418.52
1965.19
1888.74
776.32
948.15
962.03
1545.89
1358.62
1315.25
1440.35
1307.72
516.4
1569.45
1630.71
1171.07
1448.8
1035.94
1645.59
1489.18
1303.5
811.14
2141.93
1220.61
1564.18
1740.54
1409.41
1864.18
1292.1
1506.64
2142.16
613.04
1072.37
528.14
1534.31
945.22
1022.08
1926.32
1545.19
995.18
1171.14
1355.98
1821.64
1933.63
533.0
1772.85
1146.72
2248.45
1057.15
1804.7
1544.58
2012.31
1535.7
1549.64
1089.51
1486.69
800.74
1584.33
1552.81
1135.18
1192.27
1391.12
1466.99
1634.6
480.3
1730.68
1764.89
1312.24
1100.63
797.95
1261.07
1209.07
1220.73
1339.94
1190.9
1323.89
1184.71
982.1
1660.58
1502.58
1281.68
1188.63
1225.21
1824.11
1835.11
1211.39
1103.56
766.29
1678.19
990.78
870.23
1380.83
1061.04
1685.83
1531.3
969.72
1583.11
1050.6
2000.56
1061.36
1238.51
1102.94
857.74
1393.59
1442.3
1232.69
2164.29
1056.63
1095.8
1155.95
1495.03
738.41
1436.64
1412.91
1083.36
1875.52
2276.04
934.17
1246.22
1013.03
1695.43
1582.28
1243.76
933.9
775.66
1755.78
1311.73
1562.82
1291.75
1079.58
2042.33
1352.8
1550.11
1089.93
1533.1
1560.42
1407.75
1167.26
1016.96
1346.44
1175.14
1559.25
1247.21
878.61
1426.58
1110.25
1356.88
1156.73
1439.45
1898.69
1772.67
1001.81
1788.7
1110.87
1418.93
1180.72
1539.66
1308.26
1253.88
1643.83
1469.14
1451.7
840.63
1079.06
1682.22
1762.66
1536.06
1474.05
2003.99
1575.97
1576.37
1620.06
1335.24
1314.97
1615.72
1612.82
1305.67
1367.15
1521.13
1131.81
850.87
1022.52
2033.04
1082.12
1698.73
1699.54
2026.23
1329.16
1005.91
1362.06
2286.64
496.9
1230.62
1177.68
1703.55
1418.6
1171.8
1232.47
923.68
740.59
1117.2
1538.43
2066.82
1558.04
2022.32
1416.04
1532.51
1576.22
1782.58
1023.87
1611.4
655.02
1032.71
1215.47
1122.87
1063.56
1732.1
1229.65
1366.21
1505.18
1548.88
1420.79
1390.94
1556.94
1103.02
1545.46
1825.86
1733.88
835.44
1001.7
1632.18
1094.82
1188.34
773.46
981.14
1363.23
1618.33
999.24
921.82
997.8
1818.51
1376.27
1139.34
1014.45
1830.89
1344.16
1655.94
1825.46
1486.07
1057.2
784.01
1503.55
1043.9
910.33
1481.02
2126.48
1199.94
2100.51
1201.04
1345.45
1057.1
1069.8
1132.53
1019.52
1279.54
1600.53
1032.1
1279.43
2211.32
1200.66
1106.67
1865.3
1497.74
2194.58
1355.2
983.15
1357.85
1535.87
1191.0
1188.51
1422.62
978.69
710.58
1904.54
1490.97
905.78
991.6
1307.47
1033.37
1447.01
1307.22
1010.33
1268.71
1958.79
1605.04
1456.27
1704.42
1250.34
1167.19
1480.47
2066.67
1741.03
1574.39
1739.32
1521.78
1897.99
1294.61
1455.45
1228.77
1128.44
1964.53
1277.66
1163.87
1477.13
867.55
1505.18
1198.7
1099.73
1046.3
1882.87
1431.78
1405.41
1796.5
1321.53
1290.06
962.54
1208.62
1118.46
1156.6
1569.81
998.84
1129.87
1187.54
830.35
1299.42
1164.61
1588.19
1993.61
1129.64
1355.45
825.87
1669.72
694.24
1114.08
883.63
1295.31
1691.65
1617.03
1774.94
1223.99
1828.37
862.91
933.66
2075.25
1369.79
1289.75
1194.04
1500.33
1105.86
1894.2
1561.65
896.79
1599.59
2163.7
1883.11
1570.58
1291.66
925.85
1392.91
1119.15
1316.54
1167.01
1027.64
780.5
1886.24
1541.28
874.58
1158.42
1598.93
1021.11
1569.3
1803.57
1073.39
827.67
1338.22
1387.8
811.64
761.42
673.59
1666.81
1772.18
1345.98
1767.05
1062.74
1709.21
1488.92
1218.9
1468.42
1985.64
1475.51
1401.19
1448.67
1005.84
893.08
1589.52
1636.46
1568.43
1818.39
1134.31
1580.84
1708.91
1502.75
2192.42
1599.84
1587.09
1299.48
1985.82
2007.73
1124.5
968.6
780.16
1979.84
1137.24
1487.08
1985.34
1671.71
1194.09
1300.69
1302.46
1330.27
898.04
1050.8
1639.06
963.69
1688.41
1188.94
1727.11
1299.47
1003.64
1081.28
1361.02
1470.88
1569.97
1695.98
1212.92
1593.23
1392.2
1410.17
1351.82
1745.43
1048.55
2053.24
1533.95
1879.5
674.87
747.73
2181.98
1133.91
912.43
1455.2
1234.0
1755.5
1563.69
1346.35
1556.93
1494.41
1502.34
2091.88
1721.43
1450.38
1351.02
1385.81
1600.33
1106.51
1062.16
1449.21
1194.82
1057.86
1318.42
1725.48
1050.81
1662.32
1992.51
672.9
815.45
1655.63
1154.61
1181.16
1623.46
1521.97
1124.54
1016.82
1835.46
1222.64
1080.83
1763.36
1380.6
1782.39
1320.48
1697.11
1207.65
1349.79
1800.43
2007.45
1754.43
1030.28
797.33
1141.07
1672.21
954.42
942.57
1719.84
1059.82
2113.22
1330.49
1623.31
2125.98
1530.01
1185.02
1455.49
1606.78
1230.26
999.98
734.08
1130.75
1645.91
1603.04
820.74
1432.75
1219.42
1537.22
1304.55
1879.3
2134.61
1743.01
1378.6
2033.97
1026.58
907.79
688.78
1728.23
1162.28
1137.36
1449.75
1406.08
1789.41
1848.53
1790.16
1213.97
1410.29
1278.47
1595.61
1701.67
1911.6
1055.73
999.61
1483.11
1445.74
1239.04
1379.19
1506.78
1831.23
1237.95
1180.68
1304.84
648.69
1353.65
1651.01
1394.42
1122.0
1089.84
1260.31
1538.19
1133.44
691.69
1549.03
1026.41
1825.04
1101.0
1678.8
1092.98
1553.98
2080.72
1622.04
1465.18
1783.42
1123.49
1536.84
639.14
1090.74
2065.48
1084.4
1392.23
1172.42
1564.24
548.45
1568.54
1512.65
1143.48
2207.61
1997.08
589.52
1530.9
575.15
1384.19
1381.04
1783.93
1197.51
1964.75
1731.88
653.4
451.26
1343.65
1174.91
1266.1
1401.49
888.38
1558.74
987.33
1820.53
1477.76
1005.97
866.08
1039.2
1465.46
1639.98
869.34
1563.84
1289.66
1238.47
777.28
925.04
1477.53
1362.26
1199.82
1232.93
1016.63
1554.49
758.01
1324.8
1708.14
1694.7
1636.07
1526.02
1312.74
917.06
2009.59
802.02
1383.82
1287.51
1349.89
1195.29
1154.37
1481.5
1166.16
1295.71
1362.0
1753.09
2155.3
1666.39
944.93
1805.48
1127.33
1320.33
1905.75
1508.63
1690.29
995.7
1099.48
1293.92
1560.09
1265.96
1643.43
1842.54
958.14
1369.09
1495.27
1939.1
954.19
1110.08
962.17
1155.05
2036.32
1057.79
1799.25
1282.29
1079.33
752.76
1667.96
1002.5
1611.82
855.5
1026.81
1245.62
1147.22
1511.73
1892.41
1018.44
1514.24
947.18
757.44
1543.06
1232.49
893.38
1472.31
1895.95
1197.57
1598.34
1313.77
1107.31
1439.5
1194.99
1305.87
1289.32
1345.67
612.74
886.07
1653.58
1185.58
1063.86
1076.89
1446.34
959.81
1045.33
1537.56
973.41
1153.22
1295.81
1507.12
1423.6
1156.16
1663.86
1514.64
1643.58
1269.96
2193.1
1266.8
1508.33
2241.96
1126.15
1509.55
1221.82
1550.89
1351.1
1087.72
1461.23
1205.62
1927.17
1802.63
1883.73
1840.06
1653.01
1370.74
1726.26
1637.76
1348.42
1115.74
1082.89
1602.1
2292.91
1623.03
1786.32
1136.17
810.24
1359.21
1470.86
1628.85
1758.52
745.33
1293.69
729.09
1293.42
1713.78
1198.37
1561.68
1193.22
953.62
1661.54
1022.73
1491.57
1176.98
1207.64
2156.43
1618.14
745.94
1157.64
1505.86
1012.67
1523.19
1502.18
1277.07
1259.51
796.4
724.4
2072.78
1082.37
1800.59
1934.69
1633.41
1629.42
1906.35
1055.31
1078.59
1463.4
1127.24
1398.06
853.88
1641.73
1701.96
1219.44
577.52
1204.58
1299.57
1342.89
1307.87
1760.21
969.25
789.1
1137.19
1121.99
1875.91
1541.39
907.0
1742.36
1668.63
1636.97
1341.84
959.15
807.27
1413.76
1562.36
2026.48
548.56
1840.04
1551.09
1847.82
1406.2
1968.17
1155.68
837.89
1776.46
1535.23
1569.8
1567.92
997.93
1105.78
1182.13
733.53
1841.48
1180.36
1167.1
1480.44
1175.43
1047.43
1333.76
2303.58
1506.85
768.76
1195.42
1127.52
1390.92
1459.13
1336.82
1645.23
1229.72
1520.68
1825.9
1403.2
1228.21
1379.48
1962.23
1200.02
1400.77
1469.56
1155.76
1175.22
1333.34
893.7
1311.93
957.26
1245.56
1106.94
1210.65
1361.23
998.89
1258.73
1996.86
943.34
1876.21
1263.84
1247.65
1077.64
1327.23
2251.88
1334.84
1312.82
1147.53
1118.08
986.95
1714.79
1301.95
1821.21
1456.64
1630.34
902.42
1358.6
1458.53
1680.85
1116.0
1460.77
1369.57
941.01
1649.42
1663.83
1656.14
1497.15
1583.01
1190.44
1845.52
594.56
1202.77
1067.62
1265.33
910.27
1794.95
1255.55
1098.57
1121.25
1591.04
949.54
357.51
966.93
1339.23
1775.1
1959.61
1946.68
1661.24
1731.09
979.42
1376.6
1045.46
1306.26
1526.16
959.42
992.0
1787.04
1298.3
859.12
1113.27
1650.03
1486.81
1645.62
1744.76
1418.38
1957.42
1810.55
1175.18
1927.93
1459.57
1020.79
734.11
1015.61
763.54
1904.99
1636.02
1535.85
1340.73
1400.95
1068.17
1146.85
923.44
1604.08
1693.25
1385.88
2052.58
1405.31
1231.04
1662.88
1018.88
1295.9
917.97
1516.38
1203.5
1123.3
1007.54
1818.64
1589.35
1322.5
1426.94
818.63
1854.45
1009.31
1188.92
1418.1
1181.58
1235.65
1431.13
1206.27
1167.81
1100.87
2095.07
1756.05
1050.23
1817.97
1252.8
1573.9
807.42
1633.83
1583.77
673.3
1225.72
1365.12
491.37
1114.13
1377.76
1051.14
1502.31
1156.17
1250.61
1537.3
1846.82
759.18
1671.7
803.41
1419.88
1321.87
1272.0
1989.2
1773.19
1573.49
1434.89
1422.03
2039.21
1179.25
1687.64
1196.31
1314.37
1193.07
1796.7
564.59
947.26
1041.1
1075.84
1959.5
866.27
1219.98
2077.62
1304.29
1375.29
627.48
1289.78
1187.02
1123.57
982.47
869.18
1533.88
1374.17
2294.53
1395.63
1948.72
980.99
1402.29
1583.19
1662.02
1392.05
1825.02
1048.69
1226.1
1212.42
1180.88
2276.77
1584.6
1642.84
1058.25
1504.57
951.69
1251.45
965.57
1606.26
1487.79
1339.56
1282.64
1684.04
2012.42
1701.57
497.51
1483.22
1679.86
1346.26
929.44
1367.7
1244.4
1499.04
976.05
2208.88
1433.72
1307.82
1620.07
1932.69
1473.82
1148.68
1613.34
1403.47
1202.39
564.86
1697.51
1721.09
1283.19
1265.42
2071.6
846.21
638.08
769.09
1880.83
1083.58
